heatmap_center:48.836944, 2.241800
heatmap_zoom_level:15
handler:boulbi
